
1
7
.214, .355, .489, .638, .811, .913, 1.0

7
3
.98,1.0,1.0
.302,.956,1.0
.395,.905,1.0
.35,.83,1.0
.42,.98,1.0
.41,.865,1.0
.545,.895,1.0


2
19
105, 92, 113, 94, 125, 92, 157, 128, 90, 106, 118, 71, 117, 93, 98, 95, 76, 107, 106 
95, 108, 88, 106, 76, 108, 46, 73, 109, 94, 83, 127, 84, 107, 102, 105, 122, 94, 94 



7
19
48, 144, 49, 34, 10, 47, 40, 40, 84, 75, 31, 44, 32, 31, 167, 82, 37, 69, 67
121, 196, 124, 82, 70, 113, 239, 90, 182, 138, 74, 160, 83, 132, 166, 123, 119, 113, 101 
138, 104, 111, 131, 97, 134, 156, 149, 112, 130, 112, 142, 93, 151, 96, 124, 146, 135, 122 
118, 70, 115, 124, 118, 125, 102, 141, 95, 109, 125, 116, 119, 130, 61, 109, 124, 116, 117 
96, 66, 110, 113, 132, 109, 64, 96, 88, 90, 120, 96, 137, 91, 70, 91, 94, 95, 105 
88, 46, 103, 119, 159, 85, 44, 81, 67, 73, 132, 67, 138, 78, 52, 82, 91, 80, 94
79, 34, 93, 103, 206, 52, 21, 71, 45, 53, 139, 39, 131, 63, 57, 64, 74, 64, 71 



3
19
89, 105, 98, 87, 58, 92, 100, 86, 89, 93, 79, 83, 76, 79, 83, 97, 89, 100, 101
105, 99, 102, 109, 106, 109, 110, 108, 111, 105, 107, 119, 117, 109, 124, 103, 108, 103, 101 
122, 88, 103, 115, 212, 99, 72, 119, 104, 106, 147, 100, 127, 139, 83, 99, 111, 92, 93
